0.266184 -1 0.225174 -0.887222 0.173912 -0.769319 0.117523 -0.661667 0.0457553 -0.564269 -0.0362648 -0.461744 -0.13879 -0.405355 -0.266946 -0.436112 -0.328461 -0.54889 -0.272072 -0.666794 -0.154169 -0.738561 -0.0157598 -0.728309 0.112397 -0.641162 0.220048 -0.559142 0.302068 -0.471996 , 1 0 0 0 0
0.216765 -1 0.182848 -0.923687 0.123494 -0.834656 0.0471811 -0.758343 -0.0333713 -0.68203 -0.113924 -0.622676 -0.219914 -0.597238 -0.236872 -0.694749 -0.224153 -0.804978 -0.130882 -0.838895 -0.0121733 -0.843135 0.0895771 -0.817697 0.157411 -0.749864 0.199807 -0.652353 0.250682 -0.57604 , 1 0 0 0 0
0.181895 -1 0.142932 -0.913414 0.0953097 -0.826829 0.0520168 -0.740243 0.0130532 -0.653657 -0.0475568 -0.593047 -0.125484 -0.536766 -0.21207 -0.506461 -0.21207 -0.610364 -0.177435 -0.701279 -0.0865204 -0.735913 0.0303704 -0.740243 0.125615 -0.709938 0.181895 -0.644998 0.207871 -0.584388 , 1 0 0 0 0
0.137333 -0.991637 0.124789 -0.920554 0.0997006 -0.841108 0.0662496 -0.761662 0.0160732 -0.698941 -0.042466 -0.640402 -0.101005 -0.594407 -0.163726 -0.627858 -0.167907 -0.732392 -0.155363 -0.820201 -0.0675542 -0.832745 0.0118918 -0.774206 0.0746124 -0.728211 0.137333 -0.678034 0.162421 -0.611132 , 1 0 0 0 0
0.213273 -0.996022 0.181449 -0.932375 0.137692 -0.860772 0.0820006 -0.785191 0.0183535 -0.721544 -0.0612053 -0.669831 -0.156676 -0.634029 -0.212367 -0.685742 -0.216345 -0.785191 -0.140764 -0.828948 -0.0492715 -0.813037 0.0223315 -0.761323 0.0740447 -0.697676 0.129736 -0.634029 0.153604 -0.586294 , 1 0 0 0 0
0.229806 -0.995955 0.17317 -0.919092 0.116534 -0.826047 0.0598982 -0.733003 -0.0169646 -0.648049 -0.101918 -0.575232 -0.203054 -0.534778 -0.247553 -0.623777 -0.207099 -0.728957 -0.130236 -0.797729 -0.0169646 -0.826047 0.0437166 -0.757275 0.100352 -0.664231 0.165079 -0.587368 0.245987 -0.534778 , 1 0 0 0 0
0.18545 -1 0.157789 -0.917019 0.118274 -0.84194 0.0590016 -0.766862 -0.00817387 -0.68388 -0.0793008 -0.616705 -0.154379 -0.624608 -0.185991 -0.711541 -0.174137 -0.810328 -0.118816 -0.865649 -0.0318829 -0.861698 0.0392441 -0.802425 0.0906136 -0.73525 0.145935 -0.668074 0.201256 -0.616705 , 1 0 0 0 0
0.175573 -0.99622 0.152893 -0.93952 0.111313 -0.871481 0.0697335 -0.799661 0.0205938 -0.742962 -0.0512257 -0.690042 -0.126825 -0.644682 -0.149505 -0.724062 -0.153285 -0.814781 -0.115485 -0.871481 -0.0474458 -0.882821 0.00547391 -0.811001 0.0508336 -0.742962 0.0924134 -0.678702 0.133993 -0.622002 , 1 0 0 0 0
0.15095 -0.996414 0.125852 -0.92829 0.0899964 -0.856579 0.0469702 -0.781284 -0.00681248 -0.702402 -0.0570097 -0.634278 -0.125134 -0.652205 -0.164575 -0.72033 -0.157404 -0.802797 -0.107207 -0.852994 -0.0390821 -0.820724 0.0290427 -0.766942 0.0828254 -0.716744 0.136608 -0.655791 0.186805 -0.605593 , 1 0 0 0 0
0.135334 -0.996278 0.116722 -0.918107 0.0869427 -0.839937 0.0497187 -0.761766 0.00132737 -0.69104 -0.0545087 -0.646371 -0.132679 -0.657539 -0.173626 -0.72082 -0.169903 -0.795268 -0.106622 -0.854826 -0.0210071 -0.865993 0.0422738 -0.825047 0.0981099 -0.772933 0.142779 -0.709652 0.180003 -0.653816 , 1 0 0 0 0
0.121401 -1 0.107207 -0.94322 0.0788166 -0.88644 0.0504267 -0.840307 0.00784185 -0.804819 -0.048938 -0.779978 -0.105718 -0.794173 -0.151851 -0.840307 -0.141205 -0.882892 -0.0844254 -0.904184 -0.0205481 -0.893538 0.0255855 -0.861599 0.0717191 -0.826112 0.0930116 -0.765783 0.107207 -0.709003 , 1 0 0 0 0
0.166273 -1 0.137653 -0.924872 0.105455 -0.846166 0.0589472 -0.771038 -0.00187069 -0.692333 -0.0662661 -0.642248 -0.130662 -0.685178 -0.173592 -0.760306 -0.173592 -0.853321 -0.0984638 -0.889097 -0.0376459 -0.842589 0.0339046 -0.788926 0.0875674 -0.731686 0.130498 -0.663713 0.16985 -0.592162 , 1 0 0 0 0
0.23838 -1 0.196849 -0.909387 0.140216 -0.822549 0.0609296 -0.743263 -0.0296836 -0.667752 -0.146726 -0.622445 -0.233563 -0.645098 -0.259992 -0.76214 -0.237339 -0.879182 -0.135399 -0.916938 -0.0221325 -0.890509 0.0684807 -0.8301 0.143992 -0.754589 0.208176 -0.675303 0.215727 -0.577138 , 1 0 0 0 0
0.181975 -1 0.135271 -0.93174 0.0849741 -0.859887 0.0310846 -0.791627 -0.0299901 -0.716182 -0.0838795 -0.662293 -0.134176 -0.719775 -0.173695 -0.79522 -0.16651 -0.892221 -0.101843 -0.938925 -0.0120269 -0.938925 0.0382699 -0.881443 0.0993446 -0.816776 0.146049 -0.759294 0.17479 -0.680256 , 1 0 0 0 0
0.179993 -1 0.137598 -0.929342 0.0916705 -0.841019 0.0563413 -0.752696 0.00334762 -0.667906 -0.0779094 -0.621978 -0.169765 -0.646709 -0.208627 -0.731499 -0.18743 -0.826887 -0.109706 -0.872815 -0.0249157 -0.848085 0.0386768 -0.780959 0.102269 -0.713834 0.158796 -0.657307 0.225921 -0.614912 , 1 0 0 0 0
0.136039 -0.996494 0.136039 -0.901824 0.0939636 -0.81066 0.0448755 -0.719497 -0.0112252 -0.631839 -0.0848574 -0.582751 -0.161996 -0.628333 -0.197059 -0.726509 -0.18654 -0.835204 -0.11992 -0.891305 -0.0252504 -0.863255 0.0483818 -0.800141 0.104483 -0.719497 0.164089 -0.631839 0.227203 -0.568726 , 1 0 0 0 0
0.240004 -1 0.193504 -0.93025 0.139253 -0.848875 0.0733782 -0.771374 -0.000247013 -0.689999 -0.0738722 -0.624124 -0.151372 -0.593124 -0.197873 -0.678374 -0.221123 -0.775249 -0.166873 -0.83725 -0.0622472 -0.821749 0.0268781 -0.779124 0.112128 -0.732624 0.174129 -0.666749 0.216754 -0.596999 , 1 0 0 0 0
0.207016 -0.992137 0.171632 -0.90564 0.112657 -0.811281 0.0379555 -0.724785 -0.0485408 -0.654015 -0.138969 -0.598972 -0.21367 -0.630425 -0.23726 -0.740511 -0.209738 -0.846666 -0.107515 -0.882051 0.010434 -0.882051 0.0969303 -0.830939 0.151973 -0.752306 0.218811 -0.66581 0.293513 -0.610767 , 1 0 0 0 0
0.223804 -0.996246 0.193772 -0.909904 0.14497 -0.819808 0.0811523 -0.729712 0.00982626 -0.665894 -0.0802698 -0.602076 -0.170366 -0.583306 -0.226676 -0.654632 -0.207906 -0.740974 -0.147842 -0.816054 -0.0614998 -0.853594 0.0248423 -0.8123 0.10743 -0.763498 0.152478 -0.684664 0.178756 -0.58706 , 1 0 0 0 0
0.125033 -1 0.109778 -0.912286 0.0868961 -0.832198 0.0373184 -0.748298 -0.027514 -0.687279 -0.103787 -0.65677 -0.176247 -0.69872 -0.199129 -0.778807 -0.160992 -0.862708 -0.0999738 -0.900845 -0.016073 -0.877963 0.0563867 -0.832198 0.128846 -0.778807 0.186052 -0.725416 0.228002 -0.65677 , 1 0 0 0 0
-0.254761 0.183066 -0.254761 -0.0311899 -0.23613 -0.23613 -0.2175 -0.42244 -0.180238 -0.618065 -0.152291 -0.823006 -0.0684518 -0.953423 0.108542 -0.990685 0.192382 -0.850952 0.108542 -0.729851 0.117858 -0.646012 0.248275 -0.562172 0.285536 -0.385178 0.15512 -0.301339 -0.0125589 -0.245446 , 0 1 0 0 0
-0.0816213 0.0727964 -0.11413 -0.0816213 -0.130385 -0.252293 -0.146639 -0.406711 -0.138512 -0.601765 -0.122257 -0.780564 -0.0816213 -0.926855 0.0240329 -1 0.105305 -0.886219 0.0727964 -0.739928 -0.0166033 -0.634274 0.137814 -0.634274 0.202832 -0.520493 0.137814 -0.382329 0.0240329 -0.325439 , 0 1 0 0 0
-0.187618 0.784779 -0.175309 0.538603 -0.187618 0.2555 -0.224544 -0.00298554 -0.224544 -0.27378 -0.212235 -0.556882 -0.138383 -0.79075 -0.0276032 -0.975382 0.14472 -0.901529 0.193956 -0.655353 0.0585586 -0.48303 0.206264 -0.37225 0.329353 -0.187618 0.218573 -0.00298554 0.095485 0.14472 , 0 1 0 0 0
-0.0797756 0.0980829 -0.0797756 -0.0565766 -0.0952415 -0.226702 -0.110707 -0.373629 -0.110707 -0.55922 -0.110707 -0.737079 -0.110707 -0.899471 -0.0411107 -1 0.074884 -0.945869 0.0980829 -0.798943 0.067151 -0.652016 0.0284861 -0.55922 0.159947 -0.520555 0.129015 -0.381362 0.0284861 -0.311765 , 0 1 0 0 0
-0.130145 1 -0.121451 0.800051 -0.147531 0.600103 -0.164918 0.382767 -0.182305 0.174125 -0.182305 -0.0258235 -0.138838 -0.217079 -0.0345169 -0.338787 0.121965 -0.269239 0.130658 -0.0953708 0.0437239 0.026337 0.217592 0.0698041 0.200205 0.252366 0.113271 0.374074 -0.0345169 0.443621 , 0 1 0 0 0
-0.139104 0.346295 -0.166579 0.13565 -0.203213 -0.0749944 -0.22153 -0.303956 -0.22153 -0.532918 -0.194055 -0.752721 -0.111628 -0.945049 0.0715412 -1 0.144809 -0.825989 0.163126 -0.606186 0.0715412 -0.45965 0.144809 -0.395541 0.227235 -0.230688 0.13565 -0.0841528 -0.0108851 -0.0017266 , 0 1 0 0 0
-0.0795168 1 -0.11299 0.815896 -0.154832 0.615056 -0.179937 0.414216 -0.188305 0.196639 -0.188305 -0.0293067 -0.154832 -0.230147 -0.0711485 -0.397514 0.0962185 -0.439356 0.163165 -0.255252 0.0711134 -0.11299 0.0962185 -0.0460434 0.196639 0.0794818 0.163165 0.246849 0.0376401 0.338901 , 0 1 0 0 0
-0.0170398 1 -0.0754904 0.742818 -0.157321 0.473945 -0.192392 0.205072 -0.239152 -0.0988706 -0.239152 -0.367743 -0.204082 -0.683376 -0.0871805 -0.893798 0.123242 -0.811968 0.170002 -0.543095 0.0764811 -0.309293 0.134932 -0.227462 0.275213 -0.0638003 0.134932 0.123242 -0.0638003 0.216762 , 0 1 0 0 0
-0.165659 1 -0.188515 0.737155 -0.222799 0.485739 -0.234227 0.165754 -0.234227 -0.0970906 -0.222799 -0.405647 -0.165659 -0.668492 -0.0285225 -0.862768 0.142898 -0.725632 0.234322 -0.519928 0.108614 -0.337079 0.177182 -0.234227 0.291462 -0.0399505 0.154326 0.108614 -0.0628065 0.177182 , 0 1 0 0 0
-0.144662 1 -0.205548 0.756455 -0.266434 0.500733 -0.302966 0.184124 -0.302966 -0.0959527 -0.254257 -0.400384 -0.132484 -0.656106 0.00146531 -0.826588 0.24501 -0.814411 0.318074 -0.583043 0.232833 -0.363852 0.147592 -0.266434 0.257188 -0.0594209 0.0745288 0.0745288 -0.120307 0.171947 , 0 1 0 0 0
-0.0817303 1 -0.120641 0.85992 -0.143988 0.680928 -0.15177 0.501937 -0.15177 0.315164 -0.15177 0.120608 -0.128424 -0.0506014 -0.0661658 -0.190682 0.0894788 -0.198464 0.159519 -0.0739481 0.167301 0.105043 0.0661321 0.190648 0.120608 0.237341 0.136172 0.354075 0.0194387 0.416333 , 0 1 0 0 0
-0.171464 0.771793 -0.184211 0.491365 -0.209704 0.249178 -0.222451 -0.0567434 -0.222451 -0.324424 -0.209704 -0.630345 -0.14597 -0.88528 0.0324836 -1 0.147204 -0.834293 0.185444 -0.592105 0.121711 -0.375411 0.198191 -0.311678 0.249178 -0.0822368 0.134457 0.0962171 -0.10773 0.134457 , 0 1 0 0 0
-0.186884 1 -0.167103 0.772514 -0.167103 0.545028 -0.176994 0.287869 -0.176994 0.0603832 -0.167103 -0.186884 -0.107759 -0.424261 0.0406018 -0.533059 0.15929 -0.374808 0.169181 -0.137431 0.0208203 -0.0187425 0.119727 0.00103894 0.208744 0.179072 0.109837 0.317541 -0.0484146 0.406558 , 0 1 0 0 0
-0.125567 1 -0.192565 0.691809 -0.259563 0.370218 -0.313162 0.0620272 -0.313162 -0.299762 -0.272963 -0.621353 -0.165766 -0.902745 0.102226 -0.969743 0.289821 -0.782148 0.236222 -0.514156 -0.0585693 -0.420359 0.182624 -0.299762 0.289821 -0.0451697 0.155825 0.182624 -0.112168 0.263021 , 0 1 0 0 0
-0.184411 1 -0.176011 0.831998 -0.176011 0.647197 -0.176011 0.479195 -0.176011 0.277593 -0.159211 0.101192 -0.10881 -0.0500098 -0.0248095 -0.159211 0.143192 -0.192811 0.193592 -0.0416097 0.151592 0.101192 0.117992 0.210393 0.168392 0.336394 0.117992 0.479195 -0.0164095 0.521196 , 0 1 0 0 0
-0.178392 0.764437 -0.245737 0.508527 -0.286144 0.212209 -0.313082 -0.0975779 -0.313082 -0.420834 -0.299613 -0.73062 -0.178392 -0.973062 0.0640499 -0.946124 0.252616 -0.771027 0.33343 -0.59593 0.104457 -0.47471 0.239147 -0.380427 0.319961 -0.124516 0.144864 0.023643 -0.137985 0.050581 , 0 1 0 0 0
0.0282395 1 -0.00748703 0.864239 -0.0646494 0.721333 -0.121812 0.585573 -0.164684 0.435521 -0.171829 0.278325 -0.164684 0.113983 -0.0646494 0.0496754 0.0996924 0.0568207 0.106838 0.185436 0.0353848 0.28547 0.164 0.306906 0.14971 0.442667 0.0854018 0.542701 -0.0289229 0.599863 , 0 1 0 0 0
-0.229525 0.540949 -0.24008 0.287643 -0.261189 0.0659993 -0.261189 -0.218971 -0.261189 -0.472278 -0.208416 -0.71503 -0.123981 -0.926119 0.0554448 -0.989446 0.203207 -0.873347 0.287643 -0.672812 0.160989 -0.535604 0.108217 -0.482832 0.203207 -0.303406 0.13988 -0.102872 -0.081763 -0.0606541 , 0 1 0 0 0
-0.0955448 1 -0.128743 0.817409 -0.161941 0.618219 -0.18684 0.427329 -0.203439 0.219839 -0.220039 0.0123498 -0.153642 -0.145342 0.0123498 -0.203439 0.111945 -0.0955448 0.145143 0.0455481 -0.00424939 0.120244 0.136844 0.170042 0.219839 0.311135 0.186641 0.477126 0.0455481 0.543523 , 0 1 0 0 0
-0.175307 1 -0.19905 0.738821 -0.234666 0.477641 -0.282153 0.216462 -0.317768 -0.0565888 -0.294025 -0.32964 -0.175307 -0.519588 0.062129 -0.578947 0.228334 -0.448358 0.275821 -0.187178 0.157103 -0.0091017 0.228334 0.0977444 0.323308 0.287693 0.145231 0.394539 -0.0922042 0.453898 , 0 1 0 0 0
0.429627 -0.97155 0.315826 -0.914649 0.194912 -0.964437 0.0953364 -0.914649 -0.0113522 -0.800848 -0.082478 -0.687047 -0.118041 -0.537683 -0.125153 -0.374093 -0.0113522 -0.295855 0.0597735 -0.402544 -0.00423965 -0.516345 -0.0753654 -0.637259 -0.132266 -0.765285 -0.182054 -0.893311 -0.246067 -1 , 0 0 1 0 0
0.423717 -0.932204 0.325789 -0.864408 0.182664 -0.841809 0.0546051 -0.811678 -0.0207238 -0.728816 -0.103586 -0.623355 -0.126184 -0.487763 -0.126184 -0.352171 -0.0131909 -0.299441 0.0546051 -0.397369 0.0244735 -0.540493 -0.0433225 -0.653487 -0.0885199 -0.789079 -0.156316 -0.887007 -0.224112 -0.992467 , 0 0 1 0 0
0.288675 -0.902126 0.185364 -0.885814 0.06574 -0.891251 -0.0212592 -0.820564 -0.0865086 -0.733565 -0.135446 -0.613941 -0.124571 -0.51063 -0.0321341 -0.450818 0.0983647 -0.44538 0.120114 -0.543254 0.06574 -0.641128 0.000490597 -0.739002 -0.0593213 -0.836877 -0.124571 -0.923876 -0.184383 -0.994563 , 0 0 1 0 0
0.305799 -0.984267 0.232381 -0.947558 0.122253 -0.947558 0.0121257 -0.942314 -0.0455602 -0.884628 -0.0560486 -0.779745 -0.0245836 -0.68535 0.0068815 -0.601443 0.0645674 -0.528024 0.022614 -0.606687 -0.0350719 -0.690594 -0.0822695 -0.769256 -0.118979 -0.858407 -0.166176 -0.921337 -0.20813 -0.989512 , 0 0 1 0 0
0.243359 -1 0.202815 -0.941436 0.126231 -0.914406 0.0631624 -0.833318 -0.00441146 -0.770249 -0.090005 -0.70718 -0.166589 -0.644111 -0.162084 -0.563022 -0.0855001 -0.526983 0.0136082 -0.526983 0.0406378 -0.612576 0.027123 -0.71619 -0.0134213 -0.797278 -0.0404509 -0.887377 -0.0809952 -0.959456 , 0 0 1 0 0
0.238073 -1 0.189711 -0.937129 0.0881503 -0.975819 0.0156069 -0.985491 -0.0424277 -0.92262 -0.0521002 -0.816224 -0.047264 -0.70499 -0.0134104 -0.613102 0.0591329 -0.559904 0.0591329 -0.646956 0.0204432 -0.724335 -0.0375915 -0.792042 -0.0956262 -0.854913 -0.158497 -0.92262 -0.197187 -1 , 0 0 1 0 0
0.25314 -0.952352 0.205493 -0.947587 0.119726 -0.971411 0.0530191 -0.918999 -0.0232175 -0.871351 -0.0899246 -0.823703 -0.118513 -0.747466 -0.113749 -0.647405 -0.0565711 -0.585463 0.0291952 -0.575933 0.03396 -0.671229 0.010136 -0.756996 -0.0327471 -0.837997 -0.0708655 -0.928528 -0.108984 -1 , 0 0 1 0 0
0.324386 -0.971701 0.22817 -0.915103 0.103655 -0.943402 0.0187587 -0.971701 -0.0434988 -0.869825 -0.100096 -0.76229 -0.111416 -0.632115 -0.111416 -0.479301 -0.00954014 -0.434023 0.0753564 -0.490621 0.0583771 -0.626455 0.0187587 -0.739651 -0.0491585 -0.824547 -0.128395 -0.920763 -0.207632 -0.99434 , 0 0 1 0 0
0.270149 -0.91656 0.19598 -0.898017 0.121811 -0.898017 0.0430057 -0.856297 -0.0589771 -0.805306 -0.105333 -0.735772 -0.128511 -0.647696 -0.114604 -0.541077 -0.0311636 -0.5179 0.0337346 -0.564255 0.029099 -0.666238 0.0105567 -0.75895 -0.0172568 -0.84239 -0.0543415 -0.921195 -0.0867905 -1 , 0 0 1 0 0
0.393508 -0.941667 0.276842 -0.90926 0.160176 -0.941667 0.0564735 -1 -0.0472295 -0.948149 -0.105562 -0.831483 -0.131488 -0.701854 -0.13797 -0.552781 -0.0601923 -0.468523 0.0823992 -0.462041 0.0629549 -0.585188 -0.00185943 -0.695373 -0.086118 -0.792594 -0.150932 -0.883334 -0.22871 -0.974074 , 0 0 1 0 0
0.338814 -0.946661 0.248138 -0.903989 0.141459 -0.87732 0.0507825 -0.813313 -0.0452281 -0.738638 -0.130571 -0.663963 -0.189244 -0.562618 -0.125237 -0.48261 -0.0398942 -0.423937 0.0401146 -0.466608 0.0401146 -0.589288 0.00277717 -0.685299 -0.0345603 -0.797311 -0.0825656 -0.898655 -0.119903 -0.994666 , 0 0 1 0 0
0.418632 -0.972047 0.327783 -0.909152 0.181028 -0.937105 0.104157 -0.951082 0.0412615 -0.839268 -0.0635634 -0.727455 -0.1614 -0.636607 -0.238272 -0.531782 -0.20333 -0.440933 -0.0845284 -0.399003 0.0202965 -0.45491 0.0133082 -0.601665 -0.0356101 -0.727455 -0.0775401 -0.881198 -0.112482 -1 , 0 0 1 0 0
0.379806 -0.918835 0.29323 -0.870136 0.195832 -0.918835 0.0876118 -0.870136 -0.0260193 -0.810615 -0.107184 -0.745683 -0.166705 -0.653696 -0.19376 -0.523832 -0.150472 -0.415612 -0.0260193 -0.410201 0.0118577 -0.523832 0.0010357 -0.648285 -0.0314303 -0.772738 -0.0747184 -0.880958 -0.0963624 -0.994589 , 0 0 1 0 0
0.324461 -1 0.23706 -0.946215 0.116043 -0.966384 0.00847302 -0.946215 -0.0520354 -0.852091 -0.105821 -0.757966 -0.12599 -0.630227 -0.078928 -0.50921 0.0219193 -0.448701 0.0757045 -0.515933 0.0420888 -0.63695 -0.0184196 -0.731074 -0.078928 -0.818475 -0.14616 -0.919322 -0.206668 -1 , 0 0 1 0 0
0.328508 -0.983112 0.249698 -0.904302 0.120225 -0.909932 0.0470446 -0.864897 -0.0317652 -0.7692 -0.121834 -0.667873 -0.183756 -0.566546 -0.166868 -0.437073 -0.0542823 -0.386409 0.0414154 -0.45959 0.0695617 -0.589063 0.0470446 -0.718536 -0.00361882 -0.825493 -0.0767994 -0.909932 -0.14998 -0.994371 , 0 0 1 0 0
0.740773 -0.972073 0.601139 -0.869675 0.359106 -0.851057 0.172927 -0.832439 -0.0225605 -0.711423 -0.208739 -0.571788 -0.366992 -0.404227 -0.404227 -0.190122 -0.273902 -0.0504874 -0.0691052 -0.0132516 0.0519111 -0.162195 0.0332932 -0.394918 -0.0597963 -0.590406 -0.143577 -0.795203 -0.208739 -0.990691 , 0 0 1 0 0
0.219918 -1 0.16041 -0.940492 0.0592461 -0.970246 -0.0359671 -0.922639 -0.119279 -0.845279 -0.178787 -0.756016 -0.13118 -0.672705 -0.0538195 -0.589393 0.029492 -0.512033 0.094951 -0.553688 0.094951 -0.690557 0.0651969 -0.791721 0.00568867 -0.886934 -0.071672 -0.946443 -0.166885 -0.994049 , 0 0 1 0 0
0.36857 -0.987995 0.302542 -0.921968 0.170487 -0.90396 0.0684448 -0.843935 -0.0275952 -0.7599 -0.123635 -0.675865 -0.189663 -0.56782 -0.20767 -0.44777 -0.11163 -0.393748 -0.0155902 -0.42376 0.0204248 -0.537808 0.0204248 -0.675865 -0.0215927 -0.78391 -0.0696127 -0.873948 -0.123635 -0.987995 , 0 0 1 0 0
0.335645 -0.97263 0.264484 -0.890521 0.155005 -0.885047 0.0400518 -0.885047 -0.0749013 -0.813885 -0.162485 -0.73725 -0.178906 -0.605875 -0.151537 -0.479974 -0.0639534 -0.414287 0.0455258 -0.441656 0.0619476 -0.567557 0.0455258 -0.698932 -0.0092138 -0.802938 -0.0749013 -0.885047 -0.107745 -1 , 0 0 1 0 0
0.331651 -0.92636 0.239601 -0.883404 0.110732 -0.90795 0.0248187 -0.846584 -0.0549576 -0.742261 -0.134734 -0.631802 -0.147007 -0.490659 -0.0917774 -0.374063 0.0248187 -0.331106 0.0677752 -0.435429 0.0616386 -0.588845 0.00027219 -0.680895 -0.0795041 -0.772944 -0.134734 -0.871131 -0.165417 -0.993863 , 0 0 1 0 0
0.143501 -1 0.100716 -0.957216 0.0229273 -0.953327 0.0307062 -0.871648 0.054043 -0.809417 0.0579324 -0.731627 0.0579324 -0.649949 0.0268168 -0.595496 -0.0198567 -0.552712 -0.082088 -0.529376 -0.132651 -0.544933 -0.113204 -0.611054 -0.0704197 -0.653838 -0.0237462 -0.688843 0.0345957 -0.700512 , 0 0 0 1 0
0.0342738 -1 -0.0427466 -0.983496 -0.0647524 -0.906475 -0.0317437 -0.829455 0.0232709 -0.77444 0.0782854 -0.708423 0.116796 -0.647907 0.111294 -0.548881 0.0562796 -0.499367 -0.0152393 -0.455356 -0.0867583 -0.47186 -0.0977612 -0.559883 -0.0537495 -0.6204 -0.00423642 -0.675414 0.0562796 -0.702921 , 0 0 0 1 0
0.227531 -1 0.142099 -0.986511 0.0611626 -0.959532 -0.00178775 -0.896582 0.00270871 -0.820142 0.0476732 -0.757192 0.0881413 -0.680752 0.0701555 -0.595319 -0.0152771 -0.563844 -0.10071 -0.536865 -0.177149 -0.550355 -0.141178 -0.631291 -0.0827239 -0.689745 -0.02427 -0.734709 0.0296874 -0.757192 , 0 0 0 1 0
0.0769664 -0.990254 0.0282349 -0.970761 -0.0351161 -0.941522 -0.0351161 -0.863552 0.00386914 -0.805074 0.0379812 -0.741723 0.0720933 -0.673499 0.0818396 -0.590655 0.0428543 -0.527304 -0.0351161 -0.502939 -0.0935939 -0.546797 -0.098467 -0.610148 -0.0497355 -0.654006 0.00874229 -0.692991 0.0720933 -0.717357 , 0 0 0 1 0
0.112975 -1 0.0631401 -0.97093 0.0174583 -0.94186 0.0174583 -0.858802 0.0506814 -0.800661 0.067293 -0.734215 0.0631401 -0.651157 0.0382227 -0.593017 -0.011612 -0.551488 -0.0739053 -0.539029 -0.107128 -0.588864 -0.102976 -0.659463 -0.0655995 -0.705145 -0.0157649 -0.730062 0.0548343 -0.742521 , 0 0 0 1 0
0.11432 -0.987043 0.0560121 -0.961128 -0.0282097 -0.935214 -0.0346883 -0.870428 0.0171405 -0.799163 0.0495335 -0.72142 0.0754479 -0.63072 0.0754479 -0.533541 0.0430549 -0.449319 -0.0152525 -0.403969 -0.0735599 -0.455797 -0.112432 -0.514105 -0.0994743 -0.598327 -0.0346883 -0.650155 0.0430549 -0.682548 , 0 0 0 1 0
0.0619874 -1 0.00390998 -0.991703 -0.0334255 -0.962665 -0.00853519 -0.917032 0.0246519 -0.8714 0.0495422 -0.821619 0.0619874 -0.76769 0.0619874 -0.701316 0.0288003 -0.655684 -0.016832 -0.6142 -0.0541675 -0.58931 -0.0624642 -0.647387 -0.0624642 -0.713761 -0.0292771 -0.746948 0.0246519 -0.76769 , 0 0 0 1 0
0.0441257 -1 -0.0189808 -0.959841 -0.0648764 -0.902472 -0.0132438 -0.845102 0.0326518 -0.776259 0.0613366 -0.690204 0.0785475 -0.609887 0.0728105 -0.506622 0.0211779 -0.443515 -0.0476655 -0.420568 -0.0992981 -0.4722 -0.0763503 -0.558255 -0.0419286 -0.632835 0.0326518 -0.667257 0.107232 -0.690204 , 0 0 0 1 0
0.0942924 -1 0.0610059 -0.966714 -0.0180494 -0.962553 -0.0679791 -0.94591 -0.0222102 -0.89598 0.015237 -0.837729 0.0443627 -0.775316 0.0651667 -0.700422 0.0610059 -0.621367 0.0235586 -0.579758 -0.0513359 -0.563115 -0.0887832 -0.613045 -0.0721399 -0.683779 -0.0305319 -0.729548 0.0277195 -0.750352 , 0 0 0 1 0
0.107495 -1 0.0474498 -0.91994 -0.07264 -0.939955 0.00741988 -0.873239 0.0808081 -0.793179 0.114166 -0.686432 0.114166 -0.552999 0.0741364 -0.446253 -0.00592343 -0.346178 -0.0926549 -0.279461 -0.159371 -0.346178 -0.132685 -0.472939 -0.0793116 -0.573014 -0.00592343 -0.646402 0.107495 -0.659746 , 0 0 0 1 0
0.154227 -0.995544 0.105206 -0.964348 0.0160766 -0.959892 0.00716368 -0.92424 0.0428155 -0.852936 0.0606414 -0.777176 0.0695544 -0.69696 0.047272 -0.630112 0.0116202 -0.567722 -0.046314 -0.518701 -0.108705 -0.487505 -0.1399 -0.563265 -0.0997918 -0.612287 -0.046314 -0.647938 0.0205331 -0.670221 , 0 0 0 1 0
0.0487605 -1 -0.0206938 -0.979164 -0.11793 -0.937491 -0.0623664 -0.854146 0.00014247 -0.770801 0.0418151 -0.68051 0.0695968 -0.576329 0.0765422 -0.458256 0.0834877 -0.340184 0.0209788 -0.270729 -0.0693119 -0.263784 -0.0832027 -0.381856 -0.0623664 -0.458256 0.0209788 -0.492983 0.132106 -0.51382 , 0 0 0 1 0
0.154237 -0.995191 0.0965247 -0.971144 0.0147663 -0.961525 -0.0477548 -0.93267 -0.0333269 -0.850911 0.00514766 -0.798009 0.0291943 -0.72106 0.0532409 -0.64411 0.0484315 -0.562352 -0.0140896 -0.533496 -0.0669921 -0.562352 -0.100657 -0.624873 -0.0766108 -0.692204 -0.0140896 -0.730678 0.0291943 -0.72106 , 0 0 0 1 0
0.0235898 -1 -0.0462004 -0.959289 -0.110175 -0.912762 -0.0694638 -0.837156 -0.00548945 -0.778998 0.0468532 -0.715023 0.0759325 -0.633601 0.0817483 -0.528916 0.0817483 -0.412599 0.0352215 -0.342809 -0.0345687 -0.342809 -0.0810955 -0.406783 -0.0520163 -0.494021 0.0119581 -0.546364 0.0817483 -0.581259 , 0 0 0 1 0
0.0809603 -1 0.0287206 -0.979908 0.000591547 -0.94776 0.0287206 -0.891502 0.0568497 -0.831226 0.0729235 -0.762912 0.0729235 -0.686562 0.0447944 -0.634322 -0.00342689 -0.602174 -0.0637035 -0.586101 -0.107906 -0.61423 -0.0918326 -0.670488 -0.0516482 -0.706654 -0.00744533 -0.738801 0.0447944 -0.754875 , 0 0 0 1 0
0.126254 -0.994009 0.0603557 -0.940093 -0.0534678 -0.91613 -0.0954027 -0.83226 -0.0414863 -0.74839 0.0363929 -0.640557 0.0963 -0.556687 0.132244 -0.448855 0.114272 -0.341022 0.0184208 -0.293096 -0.0954027 -0.275124 -0.149319 -0.32305 -0.0774306 -0.400929 -0.0115328 -0.472817 0.0603557 -0.526734 , 0 0 0 1 0
0.110751 -0.991803 0.0533686 -0.975408 -0.0163095 -0.946717 -0.00401332 -0.856545 0.0246777 -0.77867 0.061566 -0.692597 0.0779609 -0.610622 0.0779609 -0.504056 0.0287764 -0.450773 -0.0490991 -0.463069 -0.131073 -0.499957 -0.11058 -0.553241 -0.0695927 -0.61882 -0.0163095 -0.663906 0.0533686 -0.684399 , 0 0 0 1 0
0.0307886 -0.994659 0.0040842 -0.973296 -0.102733 -0.957273 -0.0546654 -0.871819 0.0201068 -0.802388 0.0735156 -0.722275 0.10022 -0.626139 0.105561 -0.50864 0.0735156 -0.407163 0.00942507 -0.332391 -0.0653472 -0.337732 -0.113415 -0.417845 -0.0920515 -0.513981 -0.0172793 -0.562048 0.0788564 -0.588753 , 0 0 0 1 0
0.1119 -1 0.0488139 -0.976343 -0.0300443 -0.960571 -0.0261014 -0.932971 0.0133277 -0.869884 0.0369851 -0.806797 0.0488139 -0.716111 0.0527568 -0.629367 0.0488139 -0.546565 -0.00244395 -0.507136 -0.0734163 -0.522908 -0.112845 -0.578109 -0.0734163 -0.625424 -0.0142727 -0.66091 0.0566997 -0.680624 , 0 0 0 1 0
0.0838531 -0.988531 0.032241 -0.948388 -0.0709831 -0.931184 -0.0939218 -0.833695 -0.0423097 -0.759144 0.015037 -0.690328 0.066649 -0.592838 0.106792 -0.506818 0.112526 -0.392125 0.0437104 -0.334778 -0.0709831 -0.340513 -0.122595 -0.409329 -0.0709831 -0.483879 0.00356765 -0.529757 0.0781184 -0.5699 , 0 0 0 1 0
0.213614 -1 0.10959 -1 0.0185687 -0.978328 -0.0464463 -0.917648 -0.0897897 -0.835295 -0.0464463 -0.778949 0.0445747 -0.757277 0.035906 -0.735606 -0.0594493 -0.713934 -0.111461 -0.653253 -0.115796 -0.562232 -0.0724523 -0.488548 0.00556568 -0.458208 0.10959 -0.462542 0.165936 -0.458208 , 0 0 0 0 1
0.148085 -0.98922 0.0295035 -0.99461 -0.0567376 -0.940709 -0.0998582 -0.843688 -0.0729078 -0.725106 0.0241135 -0.671206 0.126525 -0.622695 0.0187234 -0.590355 -0.089078 -0.541844 -0.148369 -0.460993 -0.126809 -0.353191 -0.0351773 -0.288511 0.067234 -0.22383 0.175035 -0.169929 0.228936 -0.21305 , 0 0 0 0 1
0.290923 -0.961321 0.194225 -0.99033 0.0830219 -1 -0.00400663 -0.951651 -0.0716955 -0.874292 -0.00884155 -0.821108 0.078187 -0.767924 0.0298378 -0.738914 -0.0571907 -0.6954 -0.144219 -0.647051 -0.192568 -0.579362 -0.129715 -0.511673 -0.0523558 -0.458489 0.0395076 -0.424645 0.150711 -0.414975 , 0 0 0 0 1
0.193085 -0.993586 0.0776251 -0.967928 -0.0506636 -0.955099 -0.166123 -0.910198 -0.178952 -0.76908 -0.101979 -0.672864 0.0198952 -0.640792 0.154598 -0.627963 0.0391385 -0.589476 -0.0699069 -0.557404 -0.159709 -0.480431 -0.0699069 -0.416286 0.0455529 -0.364971 0.180256 -0.332899 0.308545 -0.32007 , 0 0 0 0 1
0.211581 -0.909725 0.130809 -0.952487 0.0357832 -1 -0.0544915 -0.971492 -0.078248 -0.866964 -0.0164811 -0.800445 0.0547884 -0.74343 0.0737936 -0.700668 -0.030735 -0.681663 -0.116258 -0.648404 -0.173274 -0.586637 -0.12101 -0.482108 -0.0354863 -0.434595 0.0690423 -0.406088 0.145063 -0.401336 , 0 0 0 0 1
0.358298 -1 0.176087 -1 0.0352883 -0.958588 -0.080664 -0.859201 -0.146922 -0.743249 -0.080664 -0.602449 0.0518529 -0.544473 0.0932644 -0.503062 -0.0475348 -0.445085 -0.171769 -0.370545 -0.24631 -0.279439 -0.130358 -0.188334 -0.00612324 -0.13864 0.159523 -0.105511 0.316887 -0.080664 , 0 0 0 0 1
0.251502 -0.920247 0.17175 -0.975461 0.0490535 -1 -0.0491036 -0.938652 -0.0368339 -0.809821 0.0551883 -0.748473 0.147211 -0.699394 0.030649 -0.66872 -0.0797776 -0.613507 -0.190204 -0.546024 -0.227013 -0.441732 -0.153395 -0.368114 -0.0429688 -0.300631 0.0551883 -0.251552 0.190154 -0.245418 , 0 0 0 0 1
0.232542 -0.917831 0.161328 -0.97261 0.057247 -1 -0.0358784 -0.94522 -0.0687462 -0.846617 -0.0139665 -0.75897 0.0682029 -0.70419 0.0901148 -0.671322 -0.0139665 -0.64941 -0.11257 -0.611065 -0.205695 -0.550807 -0.156394 -0.485071 -0.0577903 -0.419336 0.0298572 -0.359078 0.139416 -0.331688 , 0 0 0 0 1
0.208864 -0.946668 0.137754 -0.994074 0.025164 -0.988148 -0.0577973 -0.934816 -0.128907 -0.869632 -0.0933521 -0.774819 -0.0103908 -0.721487 0.054793 -0.691858 -0.0281682 -0.650378 -0.105204 -0.608897 -0.134833 -0.52001 -0.0815005 -0.454826 0.025164 -0.431123 0.14368 -0.431123 0.25627 -0.425197 , 0 0 0 0 1
0.261763 -0.933591 0.18982 -0.988932 0.0736051 -1 -0.0370758 -0.97233 -0.103484 -0.878251 -0.0924163 -0.778638 0.00719654 -0.750968 0.0293327 -0.728832 -0.0758142 -0.690093 -0.147757 -0.623685 -0.158825 -0.513004 -0.0924163 -0.435527 -0.00387156 -0.385721 0.106809 -0.358051 0.228558 -0.358051 , 0 0 0 0 1
0.155068 -0.871659 0.0980278 -0.914439 0.0314806 -0.966726 -0.0398199 -1 -0.106367 -0.952466 -0.0968603 -0.876412 -0.0398199 -0.809865 0.0267273 -0.748072 -0.0398199 -0.705291 -0.0873535 -0.648251 -0.0968603 -0.572197 -0.0303131 -0.51991 0.0457407 -0.47713 0.131301 -0.448609 0.188342 -0.443856 , 0 0 0 0 1
0.193933 -0.93851 0.117071 -0.984627 0.00433886 -0.989752 -0.0930205 -0.943634 -0.139138 -0.856523 -0.0673996 -0.784785 0.0197114 -0.738667 0.0248356 -0.713046 -0.0827722 -0.677177 -0.139138 -0.605438 -0.12889 -0.487582 -0.0366546 -0.426092 0.065829 -0.400471 0.183685 -0.385099 0.265672 -0.364602 , 0 0 0 0 1
0.190673 -0.89405 0.10995 -0.939457 0.0140905 -0.984864 -0.0716784 -0.969729 -0.117085 -0.88396 -0.0817688 -0.783055 -0.00104523 -0.737648 -0.00104523 -0.692241 -0.0918593 -0.66197 -0.122131 -0.566111 -0.0817688 -0.485387 -0.0161809 -0.424844 0.0594975 -0.364302 0.145266 -0.32394 0.246171 -0.33403 , 0 0 0 0 1
0.237805 -0.867013 0.155967 -0.933506 0.0587837 -0.98977 -0.0435142 -0.964196 -0.115123 -0.877242 -0.140697 -0.7596 -0.0281695 -0.72891 0.0690135 -0.698221 -0.0588589 -0.682876 -0.135582 -0.611268 -0.145812 -0.49874 -0.0690887 -0.416902 0.0280943 -0.360638 0.150852 -0.329948 0.248035 -0.324834 , 0 0 0 0 1
0.316504 -0.905964 0.216199 -0.968655 0.0782792 -1 -0.0282949 -0.918502 -0.134869 -0.830735 -0.109793 -0.724161 0.00305046 -0.66774 -0.0220258 -0.630125 -0.1286 -0.573704 -0.210098 -0.485937 -0.172483 -0.385632 -0.0721783 -0.316672 0.0406649 -0.253981 0.166046 -0.216367 0.291427 -0.203829 , 0 0 0 0 1
0.369105 -0.916603 0.22316 -0.99305 0.0424655 -0.958301 -0.0965299 -0.847105 -0.179927 -0.735909 -0.0061829 -0.68726 0.0911139 -0.624712 -0.0687308 -0.562164 -0.193827 -0.457918 -0.339772 -0.353671 -0.249425 -0.263324 -0.0617811 -0.221626 0.132813 -0.166028 0.320456 -0.10348 0.396904 -0.0756806 , 0 0 0 0 1
0.358557 -0.824325 0.276575 -0.912162 0.159458 -0.988288 -0.00450596 -1 -0.13919 -0.92973 -0.180181 -0.806757 -0.0747761 -0.713063 0.0716201 -0.660361 0.147746 -0.607658 -0.00450596 -0.578379 -0.13919 -0.513965 -0.209461 -0.402704 -0.162614 -0.256307 -0.0337852 -0.180181 0.136034 -0.174326 , 0 0 0 0 1
0.200919 -0.844232 0.135597 -0.929653 0.0552012 -0.994975 -0.0503189 -0.954777 -0.105591 -0.839207 -0.0754428 -0.733687 0.0250526 -0.678415 0.120523 -0.618118 0.0200278 -0.587969 -0.0854923 -0.552796 -0.150814 -0.457325 -0.120666 -0.34678 -0.0352446 -0.276433 0.0702755 -0.211112 0.175796 -0.221161 , 0 0 0 0 1
0.234244 -0.913488 0.136197 -0.965395 0.00931189 -1 -0.0945031 -0.942325 -0.140643 -0.81544 -0.0887356 -0.705858 0.0150794 -0.636648 0.118894 -0.58474 -0.0195256 -0.602043 -0.134876 -0.56167 -0.169481 -0.429018 -0.0772006 -0.336738 0.0150794 -0.26176 0.147732 -0.232923 0.280384 -0.221388 , 0 0 0 0 1
0.214189 -0.846992 0.130281 -0.901285 0.0463741 -0.96545 -0.0375332 -0.985193 -0.0819548 -0.891414 -0.0720833 -0.782828 0.0167598 -0.723599 0.0907957 -0.669306 -0.0276618 -0.669306 -0.136248 -0.644628 -0.165862 -0.536042 -0.0868905 -0.462006 -0.00791886 -0.383034 0.08586 -0.328741 0.199382 -0.313934 , 0 0 0 0 1
